calc_time_sync: 1.1832211017608643
calc_time_thread: 1.1058688163757324
calc_time_process: 1.4558708667755127
