calc_time_sync: 4.230654954910278
calc_time_thread: 10.294791221618652
calc_time_process: 4.356724262237549
